.Random.seed <-
c(10403L, 10L, 1904385684L, 382981690L, 1755920517L, -659378849L, 
286655974L, 2147253360L, 1189863315L, 451639345L, -1354074400L, 
-572670082L, -1066600951L, 1401069115L, 1341292554L, 1329766380L, 
1293997167L, -1467864155L, 1345391452L, 2032949042L, 533767725L, 
-1746703129L, -1750286834L, 1630012392L, 521706987L, -1024768375L, 
1922463256L, -1912423098L, 2045500321L, 1976735283L, 1694911394L, 
-2108621164L, 1190862103L, 1982827277L, 161798692L, 1093648906L, 
-463283339L, 491241167L, 266129878L, 1273216384L, -243485245L, 
976278369L, -997168688L, -246275794L, 1758513369L, 1820639979L, 
221007706L, -720258788L, 1662554143L, 1926544501L, 1269655820L, 
127231202L, -1231295043L, 205789751L, 1581066462L, 797705240L, 
-1138091141L, -1588393191L, 647378856L, 1648072534L, 1104302033L, 
1185467267L, -925061614L, -44332636L, 1295658343L, -402500931L, 
-1755295180L, 818858394L, 460666341L, -2146905729L, 522877190L, 
-1739742576L, -1213242573L, 123140305L, 682031744L, 327568222L, 
-1895065431L, -646841509L, 1679944042L, -1934599156L, -1666270129L, 
-479400699L, 2074021308L, 710092946L, 814353293L, 875113415L, 
-1596526418L, 1091961096L, -986865909L, -2014795287L, 992243384L, 
1299380582L, 33405441L, -716852077L, -1204973758L, 1905295604L, 
-653460233L, -1789627155L, -690223228L, -1449199190L, -964092139L, 
1560460719L, -811432522L, 2001394656L, -1856654557L, 413611073L, 
2089871152L, 612795726L, -1244395591L, -2053389877L, 1671979642L, 
2047895420L, -549558337L, -1583452011L, -1669726548L, -171291518L, 
1458682973L, -1338973353L, 134176318L, -1259302280L, 743899483L, 
294080697L, -315621112L, 966644662L, -226619151L, -460380381L, 
1201185138L, -1171688508L, -1326514297L, -1265384099L, -1874379948L, 
1450312058L, 1953467589L, -241914337L, 1680910758L, 882142000L, 
1915562451L, 376688625L, -1778624224L, 1562625982L, -694286391L, 
-1677654149L, -1601774262L, 948697516L, 866890927L, 70438501L, 
-793749988L, -758216590L, -1597886739L, -1251740889L, 1773186894L, 
-1894201432L, 861844395L, 1299427529L, -2005813032L, 1482638726L, 
1420541025L, 1089072627L, -1355518878L, 1980148436L, -1072088105L, 
-1485598259L, 1510532452L, -1501212342L, 2089269429L, -317812721L, 
-171865834L, -777292864L, 1266163587L, 1839648161L, 1028501904L, 
1666833006L, 2023988249L, -1973411669L, -2057460582L, 1630729308L, 
-483487393L, -268381387L, -174639412L, -222575582L, 381507197L, 
-1254372489L, -1429355362L, 1827578712L, -1192917317L, 1072851033L, 
-1563501592L, -1721303530L, 1710768529L, -22482365L, 1089302866L, 
-493599260L, -1452798937L, -624174979L, 890373492L, 99608922L, 
731774885L, 300965823L, -1111346106L, -2009533744L, 1220189427L, 
-185828847L, -618767296L, -784740322L, -582103319L, 38333467L, 
-1935956950L, 1766684492L, 1450560783L, -675172283L, 1321933308L, 
-715229102L, -1068973619L, -163847289L, -1594128786L, -316012984L, 
-1142906805L, -167794263L, -1749580552L, -90853338L, 355942721L, 
-371835181L, -1067899262L, 1272097972L, -126462921L, -1623435475L, 
-1470475196L, 1060706666L, 403731925L, -1294047536L, 857365564L, 
-104178540L, -733689726L, -2109308992L, 698272060L, -1167104368L, 
1835786274L, 1736931336L, -1713103732L, 705287196L, 1115671186L, 
-1893183360L, 871523348L, -2041235160L, -515958214L, -1868729136L, 
267949164L, -9294156L, -1651357678L, 248776672L, 843604940L, 
-819790368L, -1043611102L, -2014368472L, -1037687540L, -844046788L, 
1957531890L, -1864380688L, -90345660L, -1591280040L, 1334659642L, 
-50860304L, 774312124L, 303272468L, 761107650L, -1778961312L, 
1877540220L, 1480577232L, 642958370L, 291954344L, -467336308L, 
-1374515780L, 1430223922L, -1765464256L, -894196556L, -672438456L, 
1857424058L, -1484374256L, 11427052L, 1807860820L, 1298591506L, 
-475809888L, 870110156L, 983839584L, -1944206142L, -1491397080L, 
1586320812L, -1310708932L, 331102066L, 2118375216L, -1500015068L, 
-1413733320L, -1238056742L, 132224400L, 628079356L, -1158278252L, 
-183118014L, -2115052032L, -1422719428L, 567626320L, 1292293794L, 
-1297464504L, 877572620L, 535427292L, -146949550L, -833630080L, 
-1409725612L, 1185490408L, -1025818886L, -1956639920L, 1333931052L, 
-2082551436L, 2077292178L, 1635176032L, 1565795980L, 945452896L, 
-842589470L, -445108056L, 1350679756L, -2064162308L, -305741902L, 
1384425968L, 1390806468L, 1876450136L, -1031041158L, 913216944L, 
-1188981316L, 308085844L, 654854082L, 1430595360L, 1809988540L, 
1856067152L, 112323042L, -1163160216L, 2069736780L, 659920124L, 
-761193742L, -925064448L, 184651380L, 453235720L, -107546182L, 
1938650064L, -1593285140L, -1426403436L, -399425838L, -239809952L, 
-758063796L, -1907973856L, 2013822594L, 251966952L, 1176237036L, 
1695603260L, -1831201166L, -1717925008L, -233721564L, 333390392L, 
-2089207398L, 2072382928L, 1006419388L, -624032620L, -1822119806L, 
-871342656L, 434216764L, -205483888L, 1290922786L, 1981667848L, 
1702521100L, 1408719260L, -32339438L, 1823604608L, 685992724L, 
-280243928L, 1737627706L, 1085643728L, -17551764L, 1917719092L, 
-182122862L, -1178997408L, -1915778740L, -300301344L, 206238114L, 
904911272L, 1598297740L, -1434448452L, 1610515058L, 869403632L, 
1316516420L, 1580413016L, -1831861190L, -611060624L, -373410756L, 
-106810092L, -187254078L, 2077923040L, -1199920004L, -1755833648L, 
100190626L, -1178248152L, 1655265036L, -208003652L, -939362510L, 
580845248L, 1871437876L, 2122366664L, -1093900102L, 1469641360L, 
-1461862676L, -592500140L, -2131825006L, 1732611360L, 498959820L, 
1056071392L, 1393263810L, 436681768L, -1455938644L, -704442692L, 
-1208141838L, -1014003152L, -98532444L, 1299496376L, -1264705702L, 
-1863401328L, 723423100L, -1926105836L, 524237122L, 797431040L, 
-1013952068L, -663653040L, -493223646L, 2118373960L, -1301146612L, 
1693946460L, 1945884114L, 1974365696L, 35789140L, -778625816L, 
-1642493702L, -2113566000L, -1238376660L, 373486836L, -578581102L, 
934216032L, -1957310452L, 174856416L, -614300062L, 833134760L, 
-1234603956L, -1331001476L, -1203106510L, 633958000L, 143927108L, 
1643633624L, -93206662L, 1855644720L, 619030460L, -2058130860L, 
-985670147L, -1687961366L, -1154718840L, 268209457L, -1680738909L, 
-1974099548L, -1552403374L, -1379905625L, 135613425L, 945614646L, 
838749140L, -1018732187L, -1540940433L, -86024280L, -404941562L, 
1212161075L, -899564907L, -673215758L, -230984896L, 1071863977L, 
591072539L, -575317268L, -880670982L, 1140856623L, -577136839L, 
1773685070L, -2062485604L, -1638181619L, -754368649L, 226466688L, 
-1710255650L, -52697429L, -1376990803L, -1942708710L, 660938968L, 
-38228671L, -646314509L, -1664588780L, 1841359266L, -739787081L, 
284006529L, 678293638L, -441506620L, -1111227915L, -126296993L, 
482000568L, -1824690282L, -251075165L, -450332315L, -600723326L, 
1834646000L, -460165223L, -1692874357L, -614247300L, 777240234L, 
2133637343L, -1419096471L, -671474562L, -1630686100L, -1118100291L, 
1736326535L, 967317872L, -473998322L, 2133094715L, 1533427229L, 
-612334902L, -2051805720L, 1533571793L, -1311920445L, 2078639556L, 
58339954L, -1280275641L, -1048562927L, -1135640938L, 63206388L, 
1166310789L, -1182822193L, 398948808L, 355342438L, 623447699L, 
-323428875L, -1801068590L, -1430504416L, -2099249655L, 599279419L, 
-1042019700L, 1777733402L, 897253775L, -211796263L, -1309064850L, 
-1213362948L, 1578550893L, 1212862999L, -463190048L, 1011778494L, 
708206987L, 1415434765L, 626732602L, 1612523128L, -549229023L, 
1046700243L, -1247051788L, 1937070210L, -1445211881L, -1353701407L, 
-143462106L, 65458212L, 156021461L, -999375233L, -2119618792L, 
1925455414L, 1142837443L, 637865221L, 328447138L, -1468937584L, 
748795449L, -1807685909L, 1015928796L, -1439884790L, -1125069569L, 
619866441L, -980378914L, 1652869260L, 1659322461L, -95539609L, 
165175184L, 1456518062L, 1929624155L, 1269823037L, -1918711638L, 
-861988536L, 288951665L, -965612829L, -45727260L, -807899886L, 
-140656409L, 932632241L, -456831754L, 558731028L, 336627749L, 
1899916591L, -1192131864L, -695697466L, -1642495373L, 1551672533L, 
